# Created by Octave 4.4.1, Thu Dec 13 21:37:03 2018 GMT <unknown@LAPTOP-DU210QPT>
# name: v
# type: matrix
# rows: 1
# columns: 5
 1975 1989 1999 2010 2011


